platinum
0.975
10
3 2 3
2 2 2
0.2 0.2 0.1 0.0 0.1 0.1 0.1 0.1 0.1
0.2 0.1 0.2 0.1 0.1 0.1 0.1 0.0 0.1
0.1 0.2 0.1 0.1 0.2 0.1 0.0 0.1 0.1
0.1 0.1 0.2 0.0 0.1 0.2 0.1 0.1 0.1
0.2 0.1 0.0  0.1 0.1 0.1 0.2 0.1 0.1
0.1 0.2 0.1 0.1 0.0 0.1 0.2 0.1 0.1
0.1 0.0 0.1 0.1 0.2 0.1 0.2 0.1 0.1
0.1 0.1 0.0 0.1 0.1 0.2 0.1 0.2 0.1
0.1 0.0 0.1 0.1 0.2 0.1 0.1 0.1 0.2
0.3 0.1 0.1 0.1 0.1 0.1 0.0 0.1 0.1
0.15 0.15 0.1 0.2 0.1 0.0 0.1 0.1 0.1
0.1 0.15 0.15 0.2 0.0 0.1 0.1 0.1 0.1
0.1 0.15 0.0 0.1 0.15 0.2 0.1 0.1 0.1
0.15 0.1 0.1 0.1 0.1 0.1 0.15 0.1 0.1
0.0 0.1 0.1 0.1 0.1 0.1 0.3 0.1 0.1
0.1 0.1 0.0 0.1 0.15 0.1 0.1 0.25 0.1
0.0 0.1 0.1 0.1 0.1 0.2 0.12 0.13 0.15
0.1 0.0 0.0 0.1 0.1 0.0 0.2 0.3 0.2
0.1 0.2 0.1 0.0 0.1 0.2 0.1 0.1 0.1
0.2 0.1 0.2 0.1 0.1 0.1 0.1 0.0 0.1
0.1 0.2 0.1 0.1 0.2 0.1 0.0 0.1 0.1
0.2 0.1 0.2 0.0 0.0 0.2 0.1 0.1 0.1
0.3 0.1 0.0  0.1 0.1 0.1 0.2 0.0 0.1
0.1 0.2 0.1 0.1 0.0 0.1 0.2 0.1 0.1
0.2 0.0 0.1 0.1 0.2 0.1 0.2 0.1 0.0
0.1 0.1 0.0 0.1 0.1 0.2 0.1 0.2 0.1
0.0 0.0 0.1 0.1 0.2 0.2 0.1 0.1 0.2